2484011567334827,0.2837007,-0.0035911484,9.827776,0.0,0.0,0.0
2484011587495920,0.31003577,-0.010773445,9.822987,0.0,0.0,0.0
2484011602616754,0.0,0.0,0.0,-1.6416842E-4,-0.0010270163,-3.6842772E-4
2484011607657014,0.29567122,-0.0023940988,9.819396,0.0,0.0,0.0
2484011622777847,0.0,0.0,0.0,4.466963E-4,8.0557785E-4,2.42437E-4
2484011627818108,0.2932771,-0.011970494,9.8397455,0.0,0.0,0.0
2484011642938941,0.0,0.0,0.0,-7.7503314E-4,-7.2158396E-4,-3.6842772E-4
2484011647979202,0.28729188,-0.022743938,9.806229,0.0,0.0,0.0
2484011668140295,0.30045938,-0.016758692,9.825381,0.0,0.0,0.0
2484011663100035,0.0,0.0,0.0,1.4126394E-4,-4.161516E-4,5.4786936E-4
2484011683261129,0.0,0.0,0.0,-0.0013858979,5.001455E-4,-0.0012847248
2484011688301389,0.29208004,-0.013167542,9.813412,0.0,0.0,0.0
2484011703422222,0.0,0.0,0.0,1.4126394E-4,-4.161516E-4,0.0011587341
2484011708462483,0.29447412,-0.005985247,9.824184,0.0,0.0,0.0
2484011723583316,0.0,0.0,0.0,-4.6960078E-4,5.001455E-4,-6.299536E-5
2484011728623577,0.29926234,-0.016758692,9.831367,0.0,0.0,0.0
2484011743744410,0.0,0.0,0.0,0.005333614,0.07594194,-0.0018955895
2484011748784670,0.29327708,-0.009576395,9.511755,0.0,0.0,0.0
2484011768945764,0.2765184,0.010773445,9.860096,0.0,0.0,0.0
2484011763905504,0.0,0.0,0.0,0.0099150995,-0.12594886,0.0029913282
2484011784066597,0.0,0.0,0.0,-0.027042218,0.04020635,0.002685896
2484011789106858,0.27053317,-0.023940986,9.831367,0.0,0.0,0.0
2484011804227691,0.0,0.0,0.0,-0.0032184916,0.08571577,2.42437E-4
2484011809267952,0.28250366,-0.005985247,9.9127655,0.0,0.0,0.0
2484011824388785,0.0,0.0,0.0,0.0627549,0.024018437,-0.0012847248
2484011829429045,0.28250366,-0.010773445,9.749968,0.0,0.0,0.0
2484011844549879,0.0,0.0,0.0,-0.037426915,-0.059364595,0.005129355
2484011849590139,0.2717302,-0.005985246,9.566819,0.0,0.0,0.0
2484011864710972,0.0,0.0,0.0,-0.03406716,-0.02332358,0.0017695988
2484011869751233,0.27412432,0.0023940979,9.678144,0.0,0.0,0.0
2484011884872066,0.0,0.0,0.0,0.042596363,-0.08043943,2.42437E-4
2484011889912327,0.29208004,-0.016758692,9.899598,0.0,0.0,0.0
2484011905033160,0.0,0.0,0.0,-0.044146426,0.08907553,0.0020750312
2484011910073420,0.27532136,-0.028729185,9.937904,0.0,0.0,0.0
2484011925194254,0.0,0.0,0.0,0.032822527,0.07166589,-0.0028118866
2484011930234514,0.29686826,-0.004788197,9.888824,0.0,0.0,0.0
2484011945355347,0.0,0.0,0.0,0.052981064,-0.022407278,-9.792924E-4
2484011950395608,0.2765184,-0.02154689,9.703282,0.0,0.0,0.0
2484011970556702,0.2765184,-0.0035911477,9.548862,0.0,0.0,0.0
2484011965516441,0.0,0.0,0.0,-0.08110375,-0.032181114,0.0063510844
2484011985677535,0.0,0.0,0.0,0.01785634,-0.06455695,0.0014641664
2484011990717795,0.29208004,0.0035911482,9.795455,0.0,0.0,0.0
2484012005838629,0.0,0.0,0.0,0.0074716425,-0.021796413,8.533017E-4
2484012010878941,0.29208004,-0.023940986,9.916357,0.0,0.0,0.0
2484012025999722,0.0,0.0,0.0,-0.030401971,0.09976566,-6.299536E-5
2484012031040035,0.28968596,-0.017955739,9.936707,0.0,0.0,0.0
2484012046160816,0.0,0.0,0.0,0.05756255,0.05059105,-0.0052553453
2484012051201129,0.30524758,-0.009576395,9.826578,0.0,0.0,0.0
2484012066321910,0.0,0.0,0.0,0.006555344,-0.05508855,0.0011587341
2484012071362222,0.28250366,-0.01915279,9.643431,0.0,0.0,0.0
2484012091523316,0.28130662,-0.0023940986,9.601534,0.0,0.0,0.0
2484012086483004,0.0,0.0,0.0,-0.07194077,-0.013549741,0.007572814
2484012111684410,0.30165642,-0.010773445,9.869673,0.0,0.0,0.0
2484012106644097,0.0,0.0,0.0,0.04870501,-0.091434985,-0.0028118866
2484012126805191,0.0,0.0,0.0,-0.031623702,0.04784216,-6.299536E-5
2484012131845504,0.28010952,-0.03830558,9.921146,0.0,0.0,0.0
2484012152006597,0.290883,-0.01795574,9.921145,0.0,0.0,0.0
2484012146966337,0.0,0.0,0.0,0.002279291,0.08418861,-0.0018955895
2484012172167691,0.28729182,-0.027532138,9.755953,0.0,0.0,0.0
2484012167127431,0.0,0.0,0.0,0.063365765,0.02188041,-0.0025064542
2484012187288525,0.0,0.0,0.0,-0.0429247,-0.059975468,0.004823922
2484012192328785,0.27412432,-0.016758692,9.57041,0.0,0.0,0.0
2484012207449618,0.0,0.0,0.0,-0.033761725,-0.023934443,0.0029913282
2484012212489879,0.27412432,-0.0047881976,9.6961,0.0,0.0,0.0
2484012227610712,0.0,0.0,0.0,0.042596363,-0.08074486,-0.0015901572
2484012232650972,0.29327708,-0.02154689,9.9043865,0.0,0.0,0.0
2484012252812118,0.28010955,-0.028729185,9.936707,0.0,0.0,0.0
2484012247771806,0.0,0.0,0.0,-0.048727915,0.095489606,5.4786936E-4
2484012272973212,0.30285347,-0.011970494,9.885234,0.0,0.0,0.0
2484012267932900,0.0,0.0,0.0,0.03954204,0.06861156,-0.0028118866
2484012288093993,0.0,0.0,0.0,0.04748328,-0.022407278,5.4786936E-4
2484012293134306,0.27771544,-0.026335087,9.700888,0.0,0.0,0.0
2484012308255087,0.0,0.0,0.0,-0.08232547,-0.03340285,0.007572814
2484012313295400,0.27532136,-0.008379346,9.547666,0.0,0.0,0.0
2484012328416181,0.0,0.0,0.0,0.020605233,-0.067000404,-6.299536E-5
2484012333456493,0.290883,-0.0011970485,9.797849,0.0,0.0,0.0
2484012348577275,0.0,0.0,0.0,0.006249911,-0.0150769055,-6.738601E-4
2484012353617587,0.28968596,-0.029926233,9.9127655,0.0,0.0,0.0
2484012373778681,0.28609478,-0.020349838,9.940298,0.0,0.0,0.0
2484012368738420,0.0,0.0,0.0,-0.027042214,0.09701677,-9.792924E-4
2484012388899514,0.0,0.0,0.0,0.054202795,0.05059105,-0.0025064542
2484012393939775,0.30165642,-0.013167543,9.824184,0.0,0.0,0.0
2484012414100868,0.27771547,-0.014364593,9.639838,0.0,0.0,0.0
2484012409060608,0.0,0.0,0.0,0.0074716406,-0.060891755,0.0014641664
2484012434262014,0.2765184,-0.0023940988,9.60273,0.0,0.0,0.0
2484012429221702,0.0,0.0,0.0,-0.0740788,-0.011411716,0.0042130575
2484012449382795,0.0,0.0,0.0,0.050843038,-0.091435,-0.0034227518
2484012454423108,0.3028535,-0.0071822964,9.878052,0.0,0.0,0.0
2484012474584202,0.28250363,-0.03471443,9.928328,0.0,0.0,0.0
2484012469543889,0.0,0.0,0.0,-0.031929135,0.049674757,2.42437E-4
2484012489704983,0.0,0.0,0.0,0.0038064523,0.07991256,-6.299536E-5
2484012494745295,0.29208004,-0.013167542,9.928328,0.0,0.0,0.0
2484012509866077,0.0,0.0,0.0,0.06550379,0.018520653,-0.0028118866
2484012514906389,0.28609478,-0.01915279,9.759543,0.0,0.0,0.0
2484012530027222,0.0,0.0,0.0,-0.045062725,-0.05661571,0.004823922
2484012535067483,0.27532136,-0.0071822954,9.575198,0.0,0.0,0.0
2484012550188316,0.0,0.0,0.0,-0.02612592,-0.029126793,0.0029913282
2484012555228577,0.27771544,0.0011970485,9.703282,0.0,0.0,0.0
2484012575389670,0.29447415,-0.01556164,9.9127655,0.0,0.0,0.0
2484012570349410,0.0,0.0,0.0,0.03954204,-0.0764688,2.42437E-4
2484012590510504,0.0,0.0,0.0,-0.045368157,0.090908125,0.0011587341
2484012595550816,0.2765184,-0.023940986,9.941495,0.0,0.0,0.0
2484012610671597,0.0,0.0,0.0,0.03984747,0.0680007,-0.0037281837
2484012615711910,0.2980653,-0.009576395,9.878052,0.0,0.0,0.0
2484012630832691,0.0,0.0,0.0,0.046566986,-0.026072457,-0.0015901572
2484012635873004,0.27292725,-0.027532134,9.697297,0.0,0.0,0.0
2484012650993785,0.0,0.0,0.0,-0.08018745,-0.033402845,0.007572814
2484012656034097,0.27412432,-0.008379346,9.548862,0.0,0.0,0.0
2484012676195191,0.29567116,0.0,9.802637,0.0,0.0,0.0
2484012671154931,0.0,0.0,0.0,0.020910665,-0.06761127,5.4786936E-4
2484012691316025,0.0,0.0,0.0,0.004417314,-0.015382327,-9.792924E-4
2484012696356285,0.290883,-0.027532136,9.913963,0.0,0.0,0.0
2484012711477118,0.0,0.0,0.0,-0.02765308,0.09976566,-0.0018955895
2484012716517431,0.2884889,-0.017955739,9.937904,0.0,0.0,0.0
2484012736678525,0.30524758,-0.013167543,9.825381,0.0,0.0,0.0
2484012731638212,0.0,0.0,0.0,0.05878428,0.049369324,-0.0037281837
2484012751799306,0.0,0.0,0.0,0.0028901538,-0.0584483,0.0017695988
2484012756839618,0.28010958,-0.01915279,9.6374445,0.0,0.0,0.0
2484012771960400,0.0,0.0,0.0,-0.069802746,-0.011411715,0.0060456516
2484012777000712,0.27532136,-0.0047881976,9.609912,0.0,0.0,0.0
2484012792121545,0.0,0.0,0.0,0.052370198,-0.09357303,-0.0025064542
2484012797161806,0.3028535,-0.008379346,9.879249,0.0,0.0,0.0
2484012812282639,0.0,0.0,0.0,-0.037121482,0.057310566,-6.299536E-5
2484012817322900,0.28250363,-0.035911478,9.9211445,0.0,0.0,0.0
2484012832443733,0.0,0.0,0.0,0.00869337,0.07869083,-0.0015901572
2484012837484045,0.2980653,-0.014364593,9.916357,0.0,0.0,0.0
2484012852604827,0.0,0.0,0.0,0.06306033,0.016993493,-0.0028118861
2484012857645139,0.28729182,-0.022743937,9.747574,0.0,0.0,0.0
2484012877806233,0.27771544,-0.0071822954,9.560833,0.0,0.0,0.0
2484012872765920,0.0,0.0,0.0,-0.04720075,-0.057531998,0.0045184903
2484012892927066,0.0,0.0,0.0,-0.026125915,-0.027905062,-3.6842772E-4
2484012897967327,0.28010955,-0.0023940979,9.709268,0.0,0.0,0.0
2484012913088160,0.0,0.0,0.0,0.038014878,-0.07371992,-0.0018955895
2484012918128420,0.29447415,-0.01915279,9.910372,0.0,0.0,0.0
2484012933249254,0.0,0.0,0.0,-0.043230128,0.09548961,5.4786936E-4
2484012938289566,0.28010955,-0.025138035,9.937904,0.0,0.0,0.0
2484012953410347,0.0,0.0,0.0,0.039236605,0.066473536,-0.0022010219
2484012958450660,0.30165642,-0.007182297,9.878052,0.0,0.0,0.0
2484012973571441,0.0,0.0,0.0,0.04595612,-0.030653954,-0.0022010219
2484012978611754,0.2765184,-0.025138037,9.687721,0.0,0.0,0.0
2484012993732587,0.0,0.0,0.0,-0.082020044,-0.026072465,0.005434787
2484012998772847,0.27532136,-0.005985247,9.545271,0.0,0.0,0.0
2484013013893681,0.0,0.0,0.0,0.027324744,-0.07036016,2.42437E-4
2484013018933941,0.290883,0.0011970485,9.811016,0.0,0.0,0.0
2484013034054775,0.0,0.0,0.0,0.0010575606,-0.008357391,-6.738601E-4
2484013039095087,0.28250366,-0.027532136,9.91516,0.0,0.0,0.0
2484013054215868,0.0,0.0,0.0,-0.02612592,0.09518418,5.4786936E-4
2484013059256181,0.28609478,-0.019152788,9.93551,0.0,0.0,0.0
2484013079417275,0.30045938,-0.0107734455,9.80982,0.0,0.0,0.0
2484013074376962,0.0,0.0,0.0,0.057257116,0.047231294,-0.0037281837
2484013094538108,0.0,0.0,0.0,-0.00413479,-0.058448292,8.533017E-4
2484013099578368,0.27532136,-0.013167543,9.629065,0.0,0.0,0.0
2484013119739462,0.27173018,0.0011970499,9.606321,0.0,0.0,0.0
2484013114699202,0.0,0.0,0.0,-0.06797015,-0.013549743,0.004823922
2484013134860295,0.0,0.0,0.0,0.050537605,-0.09112956,-0.0025064542
2484013139900608,0.29926234,-0.0011970494,9.87446,0.0,0.0,0.0
2484013155021389,0.0,0.0,0.0,-0.03651062,0.05547797,0.0011587341
2484013160061702,0.28250363,-0.031123284,9.922342,0.0,0.0,0.0
2484013180222795,0.2980653,-0.0071822964,9.919948,0.0,0.0,0.0
2484013175182483,0.0,0.0,0.0,0.008387937,0.07960713,-0.0018955895
2484013195343629,0.0,0.0,0.0,0.063365765,0.014244594,-0.004033616
2484013200383889,0.28968593,-0.01795574,9.752361,0.0,0.0,0.0
2484013215504722,0.0,0.0,0.0,-0.049033348,-0.054477677,0.0057402197
2484013220544983,0.27771544,-0.0071822964,9.57041,0.0,0.0,0.0
2484013235665816,0.0,0.0,0.0,-0.021544434,-0.032486547,0.0017695988
2484013240706129,0.27771544,0.0,9.720041,0.0,0.0,0.0
2484013260867222,0.2884889,-0.026335087,9.921145,0.0,0.0,0.0
2484013255826910,0.0,0.0,0.0,0.036793146,-0.07494165,-0.0018955895
2484013275988004,0.0,0.0,0.0,-0.047200747,0.09946023,-9.792924E-4
2484013281028316,0.27771544,-0.029926233,9.94389,0.0,0.0,0.0
2484013296149150,0.0,0.0,0.0,0.04473439,0.064946376,-0.0046444805
2484013301189410,0.30644464,-0.011970494,9.876854,0.0,0.0,0.0
2484013316310243,0.0,0.0,0.0,0.03984747,-0.029432222,2.42437E-4
2484013321350556,0.28250366,-0.023940986,9.688918,0.0,0.0,0.0
2484013336471337,0.0,0.0,0.0,-0.0826309,-0.030653954,0.008794543
2484013341511650,0.27532133,0.0011970493,9.554848,0.0,0.0,0.0
2484013356632431,0.0,0.0,0.0,0.026408449,-0.0706656,2.42437E-4
2484013361672743,0.29327708,0.0047881976,9.820593,0.0,0.0,0.0
2484013376793577,0.0,0.0,0.0,4.466949E-4,-0.004081339,-6.738601E-4
2484013381833837,0.28609478,-0.023940986,9.918752,0.0,0.0,0.0
2484013401994983,0.2837007,-0.013167543,9.939101,0.0,0.0,0.0
2484013396954670,0.0,0.0,0.0,-0.022460729,0.09579504,-0.0015901572
2484013422156077,0.30045938,-0.0071822945,9.812214,0.0,0.0,0.0
2484013417115764,0.0,0.0,0.0,0.05664625,0.0472313,-0.0025064542
2484013437276858,0.0,0.0,0.0,-1.6416889E-4,-0.06486238,0.002685896
2484013442317170,0.27412432,-0.008379346,9.627868,0.0,0.0,0.0
2484013457438004,0.0,0.0,0.0,-0.06766472,-0.0108008515,0.0039076256
2484013462478264,0.27292722,0.0071822954,9.6147,0.0,0.0,0.0
2484013477599097,0.0,0.0,0.0,0.052064765,-0.09204586,-0.003117319
2484013482639358,0.29926234,0.0011970494,9.8804455,0.0,0.0,0.0
2484013497760191,0.0,0.0,0.0,-0.039564945,0.0643355,-3.6842772E-4
2484013502800504,0.28010955,-0.027532136,9.930721,0.0,0.0,0.0
2484013517921285,0.0,0.0,0.0,0.011442262,0.07807997,-0.0018955895
2484013522961597,0.30045938,-0.0071822964,9.917554,0.0,0.0,0.0
2484013538082431,0.0,0.0,0.0,0.06306033,0.010884851,-0.0037281832
2484013543122691,0.29208004,-0.022743937,9.741588,0.0,0.0,0.0
2484013558243525,0.0,0.0,0.0,-0.053003967,-0.05233965,0.006961949
2484013563283837,0.28250363,-0.010773444,9.558439,0.0,0.0,0.0
2484013578404618,0.0,0.0,0.0,-0.01971184,-0.034930006,8.533017E-4
2484013583444931,0.2837007,-0.0059852474,9.721237,0.0,0.0,0.0
2484013598565764,0.0,0.0,0.0,0.034960553,-0.06577867,-0.0018955895
2484013603606025,0.2980653,-0.027532136,9.91516,0.0,0.0,0.0
2484013618726858,0.0,0.0,0.0,-0.042619266,0.09518418,2.42437E-4
2484013623767118,0.2860948,-0.029926233,9.941495,0.0,0.0,0.0
2484013638887952,0.0,0.0,0.0,0.044123527,0.065251805,-0.0037281837
2484013643928264,0.30883875,-0.010773445,9.8720665,0.0,0.0,0.0
2484013659049045,0.0,0.0,0.0,0.04076377,-0.03401372,-0.0012847248
2484013664089358,0.28010958,-0.02034984,9.685327,0.0,0.0,0.0
2484013684250452,0.2789125,-0.0035911477,9.557242,0.0,0.0,0.0
2484013679210191,0.0,0.0,0.0,-0.08415807,-0.02576704,0.006961949
2484013699371285,0.0,0.0,0.0,0.030073635,-0.07310906,2.42437E-4
2484013704411597,0.29686823,0.0,9.826578,0.0,0.0,0.0
2484013724572691,0.2884889,-0.029926235,9.9211445,0.0,0.0,0.0
2484013719532379,0.0,0.0,0.0,-0.0019967603,-0.0025541785,0.0011587341
2484013739693472,0.0,0.0,0.0,-0.023987893,0.09762763,-0.0012847248
2484013744733785,0.290883,-0.015561642,9.941495,0.0,0.0,0.0
2484013759854618,0.0,0.0,0.0,0.0618386,0.044482406,-0.0037281837
2484013764894879,0.30165645,-0.011970495,9.812214,0.0,0.0,0.0
2484013785056025,0.2765184,-0.015561642,9.621883,0.0,0.0,0.0
2484013780015712,0.0,0.0,0.0,-0.00688368,-0.059364595,0.0032967606
2484013800176806,0.0,0.0,0.0,-0.0636941,-0.01324431,0.005129355
2484013805217118,0.27771544,-0.0047881976,9.627868,0.0,0.0,0.0
2484013820337952,0.0,0.0,0.0,0.05267563,-0.0905187,-9.792924E-4
2484013825378212,0.30165645,-0.008379346,9.888824,0.0,0.0,0.0
2484013845539358,0.2813066,-0.033517383,9.930721,0.0,0.0,0.0
2484013840499045,0.0,0.0,0.0,-0.041702967,0.06464094,2.42437E-4
2484013860660139,0.0,0.0,0.0,0.014802017,0.0783854,-0.004033616
2484013865700452,0.29926234,-0.0071822964,9.917554,0.0,0.0,0.0
2484013880821285,0.0,0.0,0.0,0.0618386,0.011495709,-0.0028118861
2484013885861545,0.28968593,-0.01915279,9.741589,0.0,0.0,0.0
2484013900982379,0.0,0.0,0.0,-0.055447426,-0.053255945,0.005434787
2484013906022639,0.2813066,-0.0071822964,9.5644245,0.0,0.0,0.0
2484013921143472,0.0,0.0,0.0,-0.017879244,-0.03401371,0.0011587341
2484013926183785,0.28729188,-0.0011970485,9.72842,0.0,0.0,0.0
2484013941304566,0.0,0.0,0.0,0.03312796,-0.0679167,-0.0015901572
2484013946344879,0.29686826,-0.023940988,9.916357,0.0,0.0,0.0
2484013961465712,0.0,0.0,0.0,-0.044146426,0.10281999,-6.738601E-4
2484013966506025,0.2860948,-0.029926233,9.941496,0.0,0.0,0.0
2484013986667118,0.30883873,-0.013167542,9.868475,0.0,0.0,0.0
2484013981626806,0.0,0.0,0.0,0.045345254,0.06280835,-0.0018955895
2484014001787900,0.0,0.0,0.0,0.038014878,-0.03645718,0.0014641664
2484014006828212,0.28250366,-0.027532136,9.682933,0.0,0.0,0.0
2484014021949045,0.0,0.0,0.0,-0.083852634,-0.022407282,0.007572814
2484014026989306,0.27771547,-0.0059852465,9.556046,0.0,0.0,0.0
2484014042110139,0.0,0.0,0.0,0.033738825,-0.07646881,-0.0012847248
2484014047150452,0.29686823,0.0,9.825382,0.0,0.0,0.0
2484014062271233,0.0,0.0,0.0,-0.004745652,0.006608791,-0.0012847243
2484014067311545,0.28250366,-0.029926235,9.913963,0.0,0.0,0.0
2484014087472639,0.28729188,-0.015561642,9.930721,0.0,0.0,0.0
2484014082432379,0.0,0.0,0.0,-0.020322703,0.09151899,-0.0012847248
2484014102593472,0.0,0.0,0.0,0.059395146,0.04326068,-0.003117319
2484014107633785,0.30285352,-0.015561642,9.805031,0.0,0.0,0.0
2484014122754618,0.0,0.0,0.0,-0.009021708,-0.062418923,0.0032967606
2484014127794879,0.28010958,-0.016758692,9.615898,0.0,0.0,0.0
2484014142915712,0.0,0.0,0.0,-0.062166937,-0.010495419,0.004823922
2484014147956025,0.27532136,-0.005985246,9.629065,0.0,0.0,0.0
2484014163076806,0.0,0.0,0.0,0.050537605,-0.09235129,-0.0025064542
2484014168117118,0.30165642,-0.013167542,9.886431,0.0,0.0,0.0
2484014183237952,0.0,0.0,0.0,-0.04048124,0.06403008,8.533017E-4
2484014188278212,0.2860948,-0.028729185,9.930721,0.0,0.0,0.0
2484014203399045,0.0,0.0,0.0,0.015107448,0.0783854,-6.738601E-4
2484014208439358,0.30165645,-0.008379346,9.917554,0.0,0.0,0.0
2484014223560139,0.0,0.0,0.0,0.062449463,0.0059979255,-0.0046444805
2484014228600452,0.29208004,-0.02394099,9.7344055,0.0,0.0,0.0
2484014243721285,0.0,0.0,0.0,-0.05880718,-0.04928533,0.006961949
2484014248761545,0.28130662,-0.008379346,9.562031,0.0,0.0,0.0
2484014263882379,0.0,0.0,0.0,-0.014214057,-0.03737347,0.0020750312
2484014268922691,0.28848892,0.005985247,9.732012,0.0,0.0,0.0
2484014289083785,0.29567122,-0.015561642,9.90678,0.0,0.0,0.0
2484014284043472,0.0,0.0,0.0,0.03221166,-0.06302979,-0.0025064542
2484014304204618,0.0,0.0,0.0,-0.044146426,0.09976566,2.42437E-4
2484014309244879,0.28489774,-0.02034984,9.931919,0.0,0.0,0.0
2484014324365712,0.0,0.0,0.0,0.047788713,0.06311378,-0.004033616
2484014329406025,0.30883875,-0.008379346,9.860096,0.0,0.0,0.0
2484014344526858,0.0,0.0,0.0,0.03404426,-0.038289756,5.4786936E-4
2484014349567118,0.2765184,-0.016758692,9.676947,0.0,0.0,0.0
2484014364687952,0.0,0.0,0.0,-0.08324177,-0.026377901,0.006961949
2484014369728264,0.27771547,-0.0011970493,9.559637,0.0,0.0,0.0
2484014389889358,0.29686826,-0.0011970485,9.827776,0.0,0.0,0.0
2484014384849045,0.0,0.0,0.0,0.03434969,-0.07677424,-6.738601E-4
2484014405010191,0.0,0.0,0.0,-0.0074945474,0.0063033695,-6.299536E-5
2484014410050452,0.28489774,-0.028729184,9.918751,0.0,0.0,0.0
2484014425171285,0.0,0.0,0.0,-0.019100975,0.09457331,-0.0025064542
2484014430211597,0.28489774,-0.016758692,9.940298,0.0,0.0,0.0
2484014445332431,0.0,0.0,0.0,0.059395142,0.03990092,-0.0034227513
2484014450372691,0.29447412,-0.014364594,9.803834,0.0,0.0,0.0
2484014465493525,0.0,0.0,0.0,-0.010243437,-0.06425151,0.0042130575
2484014470533837,0.2717302,-0.016758692,9.613503,0.0,0.0,0.0
2484014490694931,0.2693361,-0.0071822954,9.631459,0.0,0.0,0.0
2484014485654618,0.0,0.0,0.0,-0.06155607,-0.011717148,0.0066565163
2484014510856025,0.29447415,-0.01915279,9.891218,0.0,0.0,0.0
2484014505815764,0.0,0.0,0.0,0.053286497,-0.09357302,-0.0034227513
2484014531017170,0.2765184,-0.03471443,9.927131,0.0,0.0,0.0
2484014525976858,0.0,0.0,0.0,-0.041397538,0.071360454,8.533017E-4
2484014546137952,0.0,0.0,0.0,0.021216098,0.075636506,-0.0022010219
2484014551178264,0.29686823,-0.011970494,9.910372,0.0,0.0,0.0
2484014566299097,0.0,0.0,0.0,0.061533168,0.0059979255,-6.299536E-5
2484014571339410,0.28609478,-0.022743937,9.735602,0.0,0.0,0.0
2484014586460191,0.0,0.0,0.0,-0.0618615,-0.051117927,0.007267381
2484014591500504,0.28010952,-0.005985247,9.554848,0.0,0.0,0.0
2484014606621337,0.0,0.0,0.0,-0.0117705995,-0.037984334,-6.299536E-5
2484014611661597,0.28489774,-0.0035911482,9.743981,0.0,0.0,0.0
2484014626782431,0.0,0.0,0.0,0.02793561,-0.05967003,-6.738596E-4
2484014631822743,0.2980653,-0.027532136,9.915159,0.0,0.0,0.0
2484014646943525,0.0,0.0,0.0,-0.039870374,0.098238505,-6.738601E-4
2484014651983837,0.29447412,-0.023940988,9.941495,0.0,0.0,0.0
2484014672144983,0.31721807,-0.009576395,9.858898,0.0,0.0,0.0
2484014667104670,0.0,0.0,0.0,0.04656698,0.06555724,-0.0025064542
2484014692306077,0.28609478,-0.026335087,9.674553,0.0,0.0,0.0
2484014687265764,0.0,0.0,0.0,0.03465512,-0.042871244,2.42437E-4
2484014707426910,0.0,0.0,0.0,-0.08293634,-0.01965839,0.005434787
2484014712467222,0.28010955,-0.008379346,9.562031,0.0,0.0,0.0
2484014727588004,0.0,0.0,0.0,0.035876848,-0.08013399,-3.6842772E-4
2484014732628316,0.29926234,-0.0035911482,9.839746,0.0,0.0,0.0
2484014747749150,0.0,0.0,0.0,0.03709858,0.07930169,-0.0028118866
2484014752789462,0.33756793,-0.20589249,12.111746,0.0,0.0,0.0
2484014772950556,0.28010955,0.005985247,9.487814,0.0,0.0,0.0
2484014767910243,0.0,0.0,0.0,-1.6416842E-4,-0.0046922048,-3.6842772E-4
2484014793111650,0.2980653,-0.022743937,9.832564,0.0,0.0,0.0
2484014788071389,0.0,0.0,0.0,-1.6416842E-4,5.001455E-4,5.4786936E-4
2484014808232483,0.0,0.0,0.0,-0.0010804655,-7.2158396E-4,-6.299536E-5
